2121.74	0.0786522	1.98158	0.694623	2.29434
2226.44	0.539554	3.00467	1.57159	3.29047
2330.84	0.197417	2.24209	0.941688	2.60792
2435.1	0.442025	2.8249	1.45082	3.2502
2539.49	0.379103	2.6964	1.33636	3.12649
2644	0.170675	2.12342	0.810657	2.51155
2749.01	0.541913	3.00326	1.55738	3.28975
2853.44	0.156518	1.86993	0.700938	2.14618
2957.85	0.48607	2.95762	1.5037	3.28328
3062.28	0.173035	2.10937	0.842231	2.41229
3166.65	0.439666	2.85159	1.45082	3.25739
3270.95	0.319328	2.53982	1.20454	2.94308
3375.35	0.154158	2.23156	0.863543	2.62303
3479.65	0.517531	2.99273	1.53528	3.29479
3584.16	0.200563	1.8292	0.704885	2.09296
3688.35	0.514385	2.97939	1.54238	3.28472
3792.6	0.246181	2.09322	0.898274	2.33821
3896.91	0.453823	2.80103	1.4153	3.19769
4001.21	0.363373	2.72028	1.33005	3.14231
4105.71	0.125057	2.10516	0.771979	2.46048
4210.12	0.476632	2.89653	1.48318	3.25955
4314.65	0.176967	2.04618	0.754614	2.37489
4419.17	0.526969	2.9822	1.53528	3.28328
4523.56	0.092023	1.87765	0.640159	2.17639
4627.71	0.508093	2.97377	1.52265	3.28544
