   3.1616310e-01   4.1327510e-01   1.7244370e+00
   3.1496060e-01   4.1335140e-01   1.7242950e+00
   3.1656400e-01   4.1259060e-01   1.7243660e+00
   3.1666410e-01   4.1365560e-01   1.7243660e+00
   3.1616320e-01   4.1342740e-01   1.7240140e+00
   3.1636360e-01   4.1327520e-01   1.7239440e+00
   3.1556190e-01   4.1327530e-01   1.7240150e+00
   3.1616300e-01   4.1327520e-01   1.7245070e+00
   3.1636350e-01   4.1297100e-01   1.7241550e+00
   3.1566200e-01   4.1373170e-01   1.7237320e+00
   3.1616330e-01   4.1304700e-01   1.7239430e+00
   3.1586250e-01   4.1304710e-01   1.7238020e+00
   3.1586260e-01   4.1365560e-01   1.7239440e+00
   3.1516100e-01   4.1297090e-01   1.7254180e+00
   3.1526120e-01   4.1418790e-01   1.7280850e+00
   3.1626340e-01   4.1388380e-01   1.7287180e+00
   3.1856870e-01   4.1426420e-01   1.7335630e+00
   3.1876910e-01   4.1411190e-01   1.7359500e+00
   3.2057280e-01   4.1335130e-01   1.7395310e+00
   3.2267700e-01   4.1449220e-01   1.7433950e+00
   3.2458080e-01   4.1373160e-01   1.7488010e+00
   3.2728670e-01   4.1395960e-01   1.7547010e+00
   3.3009280e-01   4.1403590e-01   1.7610200e+00
   3.3500290e-01   4.1395980e-01   1.7685340e+00
   3.3911180e-01   4.1510090e-01   1.7716920e+00
   3.4622660e-01   4.1472030e-01   1.7778010e+00
   3.5113680e-01   4.1570950e-01   1.7841200e+00
   3.5714960e-01   4.2202300e-01   1.7961970e+00
   3.6256070e-01   4.2841280e-01   1.8097500e+00
   3.6937490e-01   4.3822540e-01   1.8283590e+00
   3.7749230e-01   4.5138540e-01   1.8510400e+00
   3.8510810e-01   4.6416450e-01   1.8714040e+00
   3.9162160e-01   4.7983450e-01   1.8960490e+00
   3.9773460e-01   4.9520000e-01   1.9191510e+00
   4.0555100e-01   5.1976980e-01   1.9571410e+00
   4.1396870e-01   5.4061250e-01   1.9862100e+00
   4.2749710e-01   5.6898570e-01   2.0273590e+00
   4.3591480e-01   5.8990430e-01   2.0564980e+00
   4.4453260e-01   6.1089890e-01   2.0888700e+00
   4.5455400e-01   6.3250210e-01   2.1207510e+00
   4.6457470e-01   6.4916090e-01   2.1458180e+00
   4.7219070e-01   6.6543950e-01   2.1735550e+00
   4.7720140e-01   6.7867500e-01   2.1955330e+00
   4.8612010e-01   6.9974580e-01   2.2305010e+00
   4.9323510e-01   7.1480720e-01   2.2519180e+00
   5.0185310e-01   7.3488900e-01   2.2798650e+00
   5.0876740e-01   7.4744020e-01   2.3019850e+00
   5.1498070e-01   7.6341450e-01   2.3261410e+00
   5.2089300e-01   7.7908450e-01   2.3533860e+00
   5.2700590e-01   7.9315690e-01   2.3807720e+00
   5.3291830e-01   8.1042430e-01   2.4110350e+00
   5.3852980e-01   8.2327950e-01   2.4365240e+00
   5.4654690e-01   8.4229650e-01   2.4714230e+00
   5.5185800e-01   8.5439140e-01   2.4960710e+00
   5.5887260e-01   8.7028950e-01   2.5280880e+00
   5.6147820e-01   8.8139520e-01   2.5508420e+00
   5.6548660e-01   8.9531560e-01   2.5818070e+00
   5.6739050e-01   9.0337870e-01   2.6085600e+00
   5.7029660e-01   9.1364820e-01   2.6374210e+00
   5.7290240e-01   9.2209140e-01   2.6600310e+00
   5.7490640e-01   9.2969820e-01   2.6829220e+00
   5.7620900e-01   9.3646840e-01   2.7037790e+00
   5.7891440e-01   9.4301020e-01   2.7202790e+00
   5.8061830e-01   9.4719370e-01   2.7355860e+00
   5.8172070e-01   9.5206190e-01   2.7487180e+00
   5.8392540e-01   9.5906030e-01   2.7642350e+00
   5.8562880e-01   9.6461330e-01   2.7766650e+00
   5.8863490e-01   9.7054660e-01   2.7900070e+00
   5.9043890e-01   9.7518690e-01   2.8006100e+00
   5.9304450e-01   9.8188060e-01   2.8147930e+00
   5.9635120e-01   9.8865070e-01   2.8264490e+00
   6.0005930e-01   9.9679000e-01   2.8402120e+00
   6.0346630e-01   1.0027227e+00   2.8532740e+00
   6.0627200e-01   1.0103320e+00   2.8649290e+00
   6.1048110e-01   1.0186960e+00   2.8784810e+00
   6.1509070e-01   1.0253900e+00   2.8895770e+00
   6.1869810e-01   1.0293460e+00   2.8982830e+00
   6.2140400e-01   1.0350530e+00   2.9060780e+00
   6.2561260e-01   1.0429640e+00   2.9193500e+00
   6.2861890e-01   1.0476780e+00   2.9281980e+00
   6.3162540e-01   1.0558190e+00   2.9399940e+00
   6.3493220e-01   1.0623590e+00   2.9496140e+00
   6.3843970e-01   1.0692060e+00   2.9597970e+00
   6.4224780e-01   1.0744560e+00   2.9675190e+00
   6.4625590e-01   1.0816800e+00   2.9781920e+00
   6.4815990e-01   1.0869310e+00   2.9861270e+00
   6.5226880e-01   1.0936230e+00   2.9962400e+00
   6.5577590e-01   1.1016120e+00   3.0056480e+00
   6.5848160e-01   1.1076960e+00   3.0146360e+00
   6.6098720e-01   1.1134020e+00   3.0219380e+00
   6.6299120e-01   1.1185730e+00   3.0288920e+00
   6.6499520e-01   1.1254960e+00   3.0379490e+00
   6.6890370e-01   1.1314300e+00   3.0465870e+00
   6.7201020e-01   1.1394140e+00   3.0570490e+00
   6.7341300e-01   1.1453520e+00   3.0635090e+00
   6.7571760e-01   1.1532610e+00   3.0741800e+00
   6.7842350e-01   1.1579780e+00   3.0795890e+00
   6.8092890e-01   1.1621580e+00   3.0860480e+00
   6.8082870e-01   1.1652790e+00   3.0889990e+00
   6.8243200e-01   1.1690070e+00   3.0942660e+00
   6.8353420e-01   1.1729600e+00   3.0991080e+00
   6.8563840e-01   1.1762320e+00   3.1045160e+00
   6.8654040e-01   1.1807220e+00   3.1087290e+00
   6.8864520e-01   1.1830020e+00   3.1121010e+00
   6.9145100e-01   1.1871110e+00   3.1163140e+00
   6.9235280e-01   1.1900790e+00   3.1204560e+00
   6.9425660e-01   1.1938800e+00   3.1246700e+00
   6.9465740e-01   1.1955520e+00   3.1274060e+00
   6.9766370e-01   1.1995110e+00   3.1311280e+00
   6.9836560e-01   1.2026300e+00   3.1349210e+00
   7.0097090e-01   1.2073440e+00   3.1394860e+00
   7.0307520e-01   1.2103130e+00   3.1430660e+00
   7.0497910e-01   1.2149520e+00   3.1470690e+00
   7.0638220e-01   1.2166240e+00   3.1495970e+00
   7.0858720e-01   1.2192090e+00   3.1523340e+00
   7.0948900e-01   1.2221810e+00   3.1550050e+00
   7.1149300e-01   1.2243860e+00   3.1579520e+00
   7.1339680e-01   1.2255260e+00   3.1594990e+00
   7.1469950e-01   1.2286420e+00   3.1610440e+00
   7.1590190e-01   1.2295540e+00   3.1630100e+00
   7.1770600e-01   1.2319150e+00   3.1655370e+00
   7.2061220e-01   1.2349600e+00   3.1687670e+00
   7.2121340e-01   1.2383040e+00   3.1720670e+00
   7.2341780e-01   1.2413460e+00   3.1756460e+00
   7.2532160e-01   1.2448480e+00   3.1800010e+00
   7.2782730e-01   1.2498660e+00   3.1848470e+00
   7.2983160e-01   1.2529080e+00   3.1877960e+00
   7.3173540e-01   1.2563340e+00   3.1900440e+00
   7.3313820e-01   1.2570960e+00   3.1918690e+00
   7.3404000e-01   1.2589200e+00   3.1927800e+00
   7.3434060e-01   1.2594520e+00   3.1942570e+00
   7.3514220e-01   1.2610480e+00   3.1955910e+00
   7.3584370e-01   1.2633280e+00   3.1973450e+00
   7.3754760e-01   1.2658400e+00   3.2002270e+00
   7.3855000e-01   1.2682020e+00   3.2022600e+00
   7.3925140e-01   1.2706340e+00   3.2035950e+00
   7.3975240e-01   1.2713940e+00   3.2050700e+00
   7.4095480e-01   1.2738270e+00   3.2066850e+00
   7.4245780e-01   1.2759550e+00   3.2091410e+00
   7.4305900e-01   1.2780920e+00   3.2113190e+00
   7.4386060e-01   1.2805240e+00   3.2135670e+00
   7.4506320e-01   1.2833360e+00   3.2161640e+00
   7.4766900e-01   1.2882040e+00   3.2194620e+00
   7.4837060e-01   1.2916300e+00   3.2227640e+00
   7.5127640e-01   1.2938340e+00   3.2259940e+00
   7.5097580e-01   1.2957340e+00   3.2275390e+00
   7.5197780e-01   1.2986250e+00   3.2295060e+00
   7.5418240e-01   1.3011400e+00   3.2315410e+00
   7.5398180e-01   1.3043320e+00   3.2351940e+00
   7.5508420e-01   1.3055480e+00   3.2365290e+00
   7.5638720e-01   1.3079800e+00   3.2384250e+00
   7.5708880e-01   1.3104150e+00   3.2401790e+00
   7.5698860e-01   1.3123970e+00   3.2427070e+00
   7.5909300e-01   1.3134620e+00   3.2441810e+00
   7.5879240e-01   1.3150580e+00   3.2457990e+00
   7.5929330e-01   1.3165020e+00   3.2472700e+00
   7.5999480e-01   1.3180220e+00   3.2490250e+00
   7.6009500e-01   1.3192380e+00   3.2500100e+00
   7.6049580e-01   1.3205300e+00   3.2520480e+00
   7.6129740e-01   1.3219760e+00   3.2538710e+00
   7.6149780e-01   1.3240350e+00   3.2549240e+00
   7.6290060e-01   1.3248710e+00   3.2565400e+00
   7.6209900e-01   1.3266200e+00   3.2589300e+00
   7.6330140e-01   1.3292800e+00   3.2604010e+00
   7.6280040e-01   1.3306480e+00   3.2619470e+00
   7.6390260e-01   1.3322460e+00   3.2641210e+00
   7.6370220e-01   1.3345340e+00   3.2649660e+00
   7.6420320e-01   1.3368140e+00   3.2665800e+00
   7.6480440e-01   1.3380300e+00   3.2681980e+00
   7.6580690e-01   1.3395500e+00   3.2693900e+00
   7.6590700e-01   1.3407660e+00   3.2706520e+00
   7.6670900e-01   1.3416020e+00   3.2714980e+00
   7.6700960e-01   1.3434270e+00   3.2734610e+00
   7.6731030e-01   1.3442650e+00   3.2738140e+00
   7.6801180e-01   1.3458660e+00   3.2750790e+00
   7.6831240e-01   1.3469310e+00   3.2757100e+00
   7.6801180e-01   1.3488320e+00   3.2765510e+00
   7.6941460e-01   1.3492120e+00   3.2771840e+00
   7.6931440e-01   1.3504280e+00   3.2778870e+00
   7.6931440e-01   1.3522520e+00   3.2788000e+00
   7.7031640e-01   1.3521000e+00   3.2799930e+00
   7.7011600e-01   1.3541530e+00   3.2808390e+00
   7.7011600e-01   1.3546840e+00   3.2814000e+00
   7.7001580e-01   1.3552180e+00   3.2810480e+00
   7.7081740e-01   1.3548370e+00   3.2808390e+00
   7.7011600e-01   1.3541530e+00   3.2807680e+00
   7.7031640e-01   1.3541530e+00   3.2807680e+00
   7.7041660e-01   1.3540760e+00   3.2802050e+00
   7.7031640e-01   1.3540000e+00   3.2791520e+00
   7.7101780e-01   1.3536210e+00   3.2777460e+00
   7.7041660e-01   1.3513400e+00   3.2751490e+00
   7.6941460e-01   1.3482240e+00   3.2707940e+00
   7.6891360e-01   1.3431250e+00   3.2649660e+00
   7.6871320e-01   1.3350630e+00   3.2552780e+00
   7.6690930e-01   1.3243360e+00   3.2417240e+00
   7.6440370e-01   1.3142950e+00   3.2296470e+00
   7.6290060e-01   1.3017450e+00   3.2130740e+00
   7.5939360e-01   1.2924650e+00   3.1991010e+00
   7.5518440e-01   1.2794580e+00   3.1815470e+00
   7.5227840e-01   1.2693390e+00   3.1672930e+00
   7.4756890e-01   1.2576260e+00   3.1487560e+00
   7.4566460e-01   1.2465190e+00   3.1326040e+00
   7.4135560e-01   1.2343490e+00   3.1135050e+00
   7.3804880e-01   1.2223300e+00   3.0936320e+00
   7.3474150e-01   1.2085630e+00   3.0720040e+00
   7.3203600e-01   1.1920550e+00   3.0470070e+00
   7.2963110e-01   1.1797330e+00   3.0260140e+00
   7.2572250e-01   1.1655080e+00   3.0033310e+00
   7.2381860e-01   1.1572910e+00   2.9854240e+00
   7.2251600e-01   1.1455040e+00   2.9645710e+00
   7.2201500e-01   1.1375900e+00   2.9499630e+00
   7.2141380e-01   1.1274740e+00   2.9272850e+00
   7.1930950e-01   1.1167490e+00   2.9090960e+00
   7.1700440e-01   1.1014590e+00   2.8808000e+00
   7.1630270e-01   1.0913420e+00   2.8598040e+00
   7.1439880e-01   1.0756730e+00   2.8273620e+00
   7.1309620e-01   1.0606110e+00   2.7996260e+00
   7.1159320e-01   1.0452440e+00   2.7684500e+00
   7.0818620e-01   1.0317810e+00   2.7389580e+00
   7.0698330e-01   1.0172520e+00   2.7069370e+00
   7.0337580e-01   9.9983220e-01   2.6714770e+00
   7.0067030e-01   9.8712930e-01   2.6400890e+00
   6.9776410e-01   9.7107900e-01   2.6050510e+00
   6.9405620e-01   9.5753890e-01   2.5771730e+00
   6.8754260e-01   9.3776140e-01   2.5350420e+00
   6.8253210e-01   9.2186330e-01   2.5044260e+00
   6.7481580e-01   8.9813020e-01   2.4618730e+00
   6.6800180e-01   8.7956960e-01   2.4326620e+00
   6.5667790e-01   8.5309810e-01   2.3882830e+00
   6.4725810e-01   8.2548560e-01   2.3465740e+00
   6.3282780e-01   7.8996210e-01   2.2941210e+00
   6.2150390e-01   7.6417510e-01   2.2569760e+00
   6.0797590e-01   7.3861650e-01   2.2232700e+00
   5.9294420e-01   7.1495950e-01   2.1911790e+00
   5.8051810e-01   6.9358430e-01   2.1644250e+00
   5.6779140e-01   6.7190510e-01   2.1361990e+00
   5.5777030e-01   6.5182330e-01   2.1108500e+00
   5.4454250e-01   6.2542780e-01   2.0781270e+00
   5.3402050e-01   6.0785630e-01   2.0514430e+00
   5.2239620e-01   5.8716590e-01   2.0222320e+00
   5.1548150e-01   5.7332160e-01   2.0019410e+00
   5.0265450e-01   5.5400030e-01   1.9751870e+00
   4.9263360e-01   5.3802620e-01   1.9536290e+00
   4.7770250e-01   5.1718370e-01   1.9263840e+00
   4.6848300e-01   5.0333950e-01   1.9085490e+00
   4.5876260e-01   4.8995130e-01   1.8897290e+00
   4.4864140e-01   4.7549860e-01   1.8713330e+00
   4.3992290e-01   4.6408830e-01   1.8534270e+00
   4.3160550e-01   4.5245010e-01   1.8365750e+00
   4.2629470e-01   4.4484330e-01   1.8227420e+00
   4.1807740e-01   4.3214010e-01   1.8027290e+00
   4.1106250e-01   4.2407700e-01   1.7888260e+00
   4.0324590e-01   4.1464440e-01   1.7720430e+00
   3.9863660e-01   4.1380770e-01   1.7671270e+00
   3.9583070e-01   4.1403580e-01   1.7622130e+00
   3.9132100e-01   4.1449220e-01   1.7563140e+00
   3.8751330e-01   4.1403580e-01   1.7523840e+00
   3.8510810e-01   4.1441640e-01   1.7502750e+00
   3.8290320e-01   4.1418800e-01   1.7500650e+00
   3.8119980e-01   4.1380760e-01   1.7483100e+00
   3.7909560e-01   4.1426430e-01   1.7480300e+00
   3.7608910e-01   4.1434020e-01   1.7473270e+00
   3.7408470e-01   4.1403600e-01   1.7464820e+00
   3.7157970e-01   4.1350320e-01   1.7453600e+00
   3.6737110e-01   4.1327520e-01   1.7437430e+00
   3.6556680e-01   4.1357950e-01   1.7429700e+00
   3.6546670e-01   4.1304680e-01   1.7414990e+00
   3.6386320e-01   4.1395980e-01   1.7405160e+00
   3.6326200e-01   4.1380770e-01   1.7389010e+00
   3.6326200e-01   4.1411190e-01   1.7370730e+00
   3.6005560e-01   4.1357940e-01   1.7341250e+00
   3.5795130e-01   4.1281890e-01   1.7319490e+00
   3.5484460e-01   4.1411180e-01   1.7290000e+00
   3.5053560e-01   4.1319920e-01   1.7259110e+00
   3.4762940e-01   4.1312290e-01   1.7255590e+00
   3.4552490e-01   4.1395970e-01   1.7243650e+00
   3.4342040e-01   4.1350350e-01   1.7235240e+00
   3.4291940e-01   4.1259060e-01   1.7221180e+00
   3.4261880e-01   4.1274280e-01   1.7216970e+00
   3.4141640e-01   4.1350340e-01   1.7214140e+00
   3.3971300e-01   4.1327530e-01   1.7217670e+00
   3.3931210e-01   4.1403590e-01   1.7209930e+00
   3.3871100e-01   4.1266660e-01   1.7203610e+00
   3.3680700e-01   4.1418790e-01   1.7195900e+00
   3.3610520e-01   4.1395980e-01   1.7188190e+00
   3.3610520e-01   4.1304710e-01   1.7181890e+00
   3.3480230e-01   4.1312320e-01   1.7173420e+00
   3.3460190e-01   4.1289490e-01   1.7165700e+00
   3.3299860e-01   4.1342730e-01   1.7159380e+00
   3.3179620e-01   4.1312310e-01   1.7150960e+00
   3.3099460e-01   4.1312320e-01   1.7153060e+00
   3.3059370e-01   4.1335140e-01   1.7151660e+00
   3.3099460e-01   4.1297090e-01   1.7155190e+00
   3.3069400e-01   4.1274260e-01   1.7160100e+00
   3.3019300e-01   4.1403600e-01   1.7159390e+00
   3.3049360e-01   4.1281880e-01   1.7160090e+00
   3.2999260e-01   4.1312310e-01   1.7159390e+00
   3.2999260e-01   4.1327530e-01   1.7174120e+00
   3.3009270e-01   4.1403610e-01   1.7176230e+00
   3.2868990e-01   4.1319920e-01   1.7183270e+00
   3.2838930e-01   4.1319910e-01   1.7185390e+00
   3.2738690e-01   4.1274270e-01   1.7188890e+00
   3.2648490e-01   4.1259070e-01   1.7185380e+00
   3.2698600e-01   4.1281890e-01   1.7190990e+00
   3.2618420e-01   4.1373170e-01   1.7185380e+00
   3.2568310e-01   4.1304690e-01   1.7183290e+00
   3.2608400e-01   4.1380770e-01   1.7176240e+00
   3.2538240e-01   4.1312310e-01   1.7174840e+00
   3.2538240e-01   4.1304710e-01   1.7171320e+00
   3.2418010e-01   4.1259060e-01   1.7173410e+00
   3.2438040e-01   4.1304700e-01   1.7172010e+00
   3.2397960e-01   4.1312300e-01   1.7176240e+00
   3.2337840e-01   4.1297100e-01   1.7179050e+00
   3.2397960e-01   4.1281880e-01   1.7188180e+00
   3.2407980e-01   4.1380780e-01   1.7193100e+00
   3.2367900e-01   4.1289490e-01   1.7211340e+00
   3.2428020e-01   4.1335130e-01   1.7230300e+00
   3.2428030e-01   4.1274270e-01   1.7246440e+00
   3.2438040e-01   4.1319930e-01   1.7270320e+00
   3.2287740e-01   4.1304690e-01   1.7299830e+00
   3.2347860e-01   4.1373170e-01   1.7316680e+00
   3.2347860e-01   4.1327540e-01   1.7339850e+00
   3.2387940e-01   4.1373150e-01   1.7371440e+00
   3.2347860e-01   4.1342740e-01   1.7388990e+00
   3.2317800e-01   4.1335130e-01   1.7405160e+00
   3.2428030e-01   4.1365560e-01   1.7418490e+00
   3.2428020e-01   4.1380770e-01   1.7450790e+00
   3.2598370e-01   4.1380760e-01   1.7485210e+00
   3.2678560e-01   4.1396000e-01   1.7520300e+00
   3.2718660e-01   4.1281870e-01   1.7546990e+00
   3.2939140e-01   4.1395980e-01   1.7569470e+00
   3.3019300e-01   4.1449240e-01   1.7617210e+00
   3.3269800e-01   4.1418790e-01   1.7671980e+00
   3.3690710e-01   4.1380750e-01   1.7761160e+00
   3.4121600e-01   4.1388370e-01   1.7831360e+00
   3.4572540e-01   4.1411200e-01   1.7921250e+00
   3.4933310e-01   4.1365550e-01   1.7986590e+00
   3.5213880e-01   4.1388380e-01   1.8044140e+00
   3.5504480e-01   4.1441620e-01   1.8091200e+00
   3.5915380e-01   4.1707860e-01   1.8169140e+00
   3.6155860e-01   4.2270780e-01   1.8338360e+00
   3.6476520e-01   4.3084680e-01   1.8517410e+00
   3.7067780e-01   4.4393050e-01   1.8779340e+00
   3.7438540e-01   4.5541690e-01   1.8979450e+00
   3.8059860e-01   4.7116280e-01   1.9270180e+00
   3.8721260e-01   4.8553950e-01   1.9507490e+00
   3.9412700e-01   5.0151370e-01   1.9763110e+00
   4.0164260e-01   5.1520570e-01   1.9982180e+00
   4.1026080e-01   5.2943050e-01   2.0208970e+00
   4.2198540e-01   5.5110970e-01   2.0532700e+00
   4.3120480e-01   5.7058300e-01   2.0809380e+00
   4.4383110e-01   5.9553320e-01   2.1178010e+00
   4.5325110e-01   6.1462630e-01   2.1421670e+00
   4.6567710e-01   6.4261910e-01   2.1788910e+00
   4.7670020e-01   6.6513520e-01   2.2076110e+00
   4.8762300e-01   6.8734680e-01   2.2382260e+00
   4.9644180e-01   7.0651590e-01   2.2650500e+00
   5.0505960e-01   7.2378340e-01   2.2917330e+00
   5.1578230e-01   7.4523440e-01   2.3250160e+00
   5.2399940e-01   7.5968720e-01   2.3484690e+00
   5.3251740e-01   7.7908450e-01   2.3782430e+00
   5.3832940e-01   7.9019020e-01   2.3992390e+00
   5.4474290e-01   8.0684910e-01   2.4252900e+00
   5.4955290e-01   8.1711820e-01   2.4428430e+00
   5.5456380e-01   8.2776780e-01   2.4637000e+00
   5.5716900e-01   8.3560270e-01   2.4797800e+00
   5.6007510e-01   8.4648030e-01   2.5005640e+00
   5.6338240e-01   8.5743410e-01   2.5244380e+00
   5.6839250e-01   8.6762690e-01   2.5487340e+00
   5.7320290e-01   8.7896120e-01   2.5694490e+00
   5.7811290e-01   8.8839360e-01   2.5866530e+00
   5.8392540e-01   8.9949930e-01   2.6072260e+00
   5.8873530e-01   9.0992090e-01   2.6257630e+00
   5.9394640e-01   9.2254790e-01   2.6462680e+00
   5.9815500e-01   9.3312120e-01   2.6629100e+00
   6.0376700e-01   9.4856300e-01   2.6872760e+00
   6.0787530e-01   9.5700630e-01   2.7024420e+00
   6.0977950e-01   9.6179900e-01   2.7183140e+00
   6.1068160e-01   9.6354840e-01   2.7287060e+00
   6.1038080e-01   9.6773200e-01   2.7402200e+00
   6.1248540e-01   9.7107910e-01   2.7506130e+00
   6.1338720e-01   9.7587110e-01   2.7629020e+00
   6.1549140e-01   9.7860950e-01   2.7748390e+00
   6.1639330e-01   9.8401040e-01   2.7862840e+00
   6.1849740e-01   9.8925930e-01   2.7981520e+00
   6.1970020e-01   9.9268240e-01   2.8068590e+00
   6.2160460e-01   9.9656180e-01   2.8172510e+00
   6.2280700e-01   1.0005172e+00   2.8242720e+00
   6.2420980e-01   1.0057650e+00   2.8370530e+00
   6.2531200e-01   1.0101800e+00   2.8466010e+00
   6.2841830e-01   1.0172510e+00   2.8600150e+00
   6.2891950e-01   1.0210570e+00   2.8682300e+00
   6.3112440e-01   1.0275210e+00   2.8799550e+00
   6.3292820e-01   1.0330760e+00   2.8922470e+00
   6.3583400e-01   1.0410620e+00   2.9041110e+00
   6.3823900e-01   1.0469180e+00   2.9154170e+00
   6.4054440e-01   1.0525450e+00   2.9255280e+00
   6.4294920e-01   1.0611430e+00   2.9416780e+00
   6.4395120e-01   1.0684460e+00   2.9523530e+00
   6.4705750e-01   1.0732380e+00   2.9620430e+00
   6.4906200e-01   1.0793240e+00   2.9705380e+00
   6.5186790e-01   1.0879200e+00   2.9833190e+00
   6.5357140e-01   1.0935460e+00   2.9918140e+00
   6.5697830e-01   1.1035880e+00   3.0063510e+00
   6.6048610e-01   1.1111960e+00   3.0162520e+00
   6.6339200e-01   1.1199440e+00   3.0286800e+00
   6.6689910e-01   1.1270920e+00   3.0379480e+00
   6.6940490e-01   1.1337880e+00   3.0470080e+00
   6.7140900e-01   1.1400230e+00   3.0542400e+00
   6.7341300e-01   1.1448200e+00   3.0618230e+00
   6.7641910e-01   1.1521190e+00   3.0716540e+00
   6.8002710e-01   1.1590420e+00   3.0802200e+00
   6.8303320e-01   1.1652050e+00   3.0882970e+00
   6.8403520e-01   1.1693880e+00   3.0934910e+00
   6.8674100e-01   1.1744080e+00   3.1003740e+00
   6.8774310e-01   1.1783650e+00   3.1052200e+00
   6.9074960e-01   1.1830780e+00   3.1113270e+00
   6.9275360e-01   1.1879490e+00   3.1176480e+00
   6.9706240e-01   1.1943360e+00   3.1248810e+00
   6.9836550e-01   1.1990550e+00   3.1297250e+00
   7.0077060e-01   1.2014900e+00   3.1339380e+00
   7.0177260e-01   1.2029340e+00   3.1359730e+00
   7.0347610e-01   1.2057460e+00   3.1406770e+00
   7.0517940e-01   1.2106170e+00   3.1467900e+00
   7.0848680e-01   1.2194410e+00   3.1570400e+00
   7.1159320e-01   1.2254500e+00   3.1642020e+00
   7.1540100e-01   1.2317630e+00   3.1708740e+00
   7.1670370e-01   1.2357200e+00   3.1759280e+00
   7.1870840e-01   1.2399000e+00   3.1811950e+00
   7.1910910e-01   1.2442400e+00   3.1873750e+00
   7.2091280e-01   1.2484220e+00   3.1932020e+00
   7.2301700e-01   1.2516900e+00   3.1985390e+00
   7.2472040e-01   1.2558780e+00   3.2042260e+00
   7.2702550e-01   1.2593000e+00   3.2085790e+00
   7.2802790e-01   1.2634050e+00   3.2129350e+00
   7.2973130e-01   1.2672870e+00   3.2160230e+00
   7.2933060e-01   1.2674410e+00   3.2170100e+00
   7.3023240e-01   1.2673640e+00   3.2169380e+00
   7.2993180e-01   1.2666020e+00   3.2167980e+00
   7.2953100e-01   1.2685060e+00   3.2173590e+00
   7.2973140e-01   1.2693420e+00   3.2186900e+00
   7.3043280e-01   1.2705580e+00   3.2197430e+00
   7.3103400e-01   1.2706340e+00   3.2203070e+00
   7.3193580e-01   1.2716220e+00   3.2210800e+00
   7.3223640e-01   1.2720780e+00   3.2219200e+00
   7.3193580e-01   1.2718500e+00   3.2222030e+00
   7.3273740e-01   1.2726100e+00   3.2222730e+00
   7.3273740e-01   1.2724580e+00   3.2227660e+00
   7.3333870e-01   1.2724580e+00   3.2225540e+00
   7.3263720e-01   1.2720020e+00   3.2222740e+00
   7.3193580e-01   1.2720020e+00   3.2218510e+00
   7.3193580e-01   1.2715460e+00   3.2208690e+00
   7.3223640e-01   1.2716220e+00   3.2196750e+00
   7.3193580e-01   1.2710140e+00   3.2188310e+00
   7.3203600e-01   1.2683540e+00   3.2165850e+00
   7.3153500e-01   1.2660690e+00   3.2132870e+00
   7.2973140e-01   1.2627200e+00   3.2087920e+00
   7.2802780e-01   1.2582350e+00   3.2014900e+00
   7.2421940e-01   1.2499430e+00   3.1910250e+00
   7.2131360e-01   1.2416510e+00   3.1785260e+00
   7.1740540e-01   1.2341970e+00   3.1685560e+00
   7.1580180e-01   1.2277300e+00   3.1590760e+00
   7.1169340e-01   1.2210370e+00   3.1492460e+00
   7.0978960e-01   1.2144200e+00   3.1391340e+00
   7.0718390e-01   1.2086390e+00   3.1295150e+00
   7.0437780e-01   1.2018700e+00   3.1184890e+00
   7.0147200e-01   1.1939560e+00   3.1066930e+00
   6.9856580e-01   1.1841440e+00   3.0899810e+00
   6.9616040e-01   1.1748650e+00   3.0751640e+00
   6.9345500e-01   1.1641380e+00   3.0545210e+00
   6.9135080e-01   1.1510550e+00   3.0328910e+00
   6.8834440e-01   1.1330270e+00   3.0021380e+00
   6.8613940e-01   1.1214660e+00   2.9812120e+00
   6.8583880e-01   1.1076970e+00   2.9583210e+00
   6.8443600e-01   1.0997100e+00   2.9427320e+00
   6.8353420e-01   1.0886040e+00   2.9215250e+00
   6.8433580e-01   1.0787910e+00   2.9009520e+00
   6.8343400e-01   1.0663920e+00   2.8740570e+00
   6.8333380e-01   1.0559700e+00   2.8510260e+00
   6.7992690e-01   1.0425060e+00   2.8199190e+00
   6.7822310e-01   1.0245550e+00   2.7791930e+00
   6.7271160e-01   1.0007453e+00   2.7266690e+00
   6.6659890e-01   9.7465420e-01   2.6714060e+00
   6.5918320e-01   9.4453130e-01   2.6099650e+00
   6.4735840e-01   9.1022490e-01   2.5467690e+00
   6.3463180e-01   8.7766800e-01   2.4925600e+00
   6.2300730e-01   8.4533930e-01   2.4415100e+00
   6.1268550e-01   8.1825930e-01   2.4021160e+00
   6.0306550e-01   7.8904920e-01   2.3574580e+00
   5.9705290e-01   7.6896760e-01   2.3245240e+00
   5.8983750e-01   7.4957030e-01   2.2924350e+00
   5.8472690e-01   7.4097450e-01   2.2699650e+00
   5.7731130e-01   7.2477210e-01   2.2403330e+00
   5.7049710e-01   7.0864570e-01   2.2181420e+00
   5.6107730e-01   6.8886800e-01   2.1889310e+00
   5.5175780e-01   6.7129670e-01   2.1682190e+00
   5.4193700e-01   6.4938910e-01   2.1404800e+00
   5.3151530e-01   6.2755780e-01   2.1139380e+00
   5.2129370e-01   6.1059480e-01   2.0857100e+00
   5.1277600e-01   5.9629400e-01   2.0638730e+00
   5.0586140e-01   5.8244970e-01   2.0430880e+00
   4.9924740e-01   5.6670370e-01   2.0201270e+00
   4.9443750e-01   5.5651050e-01   2.0034140e+00
   4.8962730e-01   5.4472010e-01   1.9846670e+00
   4.8662120e-01   5.3711340e-01   1.9726570e+00
   4.8221180e-01   5.2760480e-01   1.9560170e+00
   4.7880460e-01   5.2197570e-01   1.9428870e+00
   4.7329310e-01   5.1140250e-01   1.9249800e+00
   4.6858320e-01   5.0387190e-01   1.9116370e+00
   4.6317200e-01   4.9413510e-01   1.8972440e+00
   4.5866250e-01   4.8538750e-01   1.8824970e+00
   4.5425310e-01   4.7686800e-01   1.8693680e+00
   4.4984380e-01   4.6986950e-01   1.8563070e+00
   4.4623650e-01   4.6408830e-01   1.8469660e+00
   4.4002320e-01   4.5465620e-01   1.8309560e+00
   4.3631570e-01   4.4758190e-01   1.8190200e+00
   4.3020260e-01   4.3708440e-01   1.7994280e+00
   4.2619450e-01   4.2848880e-01   1.7864390e+00
   4.2188510e-01   4.2004550e-01   1.7692350e+00
   4.1887900e-01   4.1510090e-01   1.7558930e+00
   4.1807740e-01   4.1441620e-01   1.7504870e+00
   4.1827780e-01   4.1441620e-01   1.7457820e+00
   4.1807740e-01   4.1411190e-01   1.7426920e+00
   4.1877880e-01   4.1403590e-01   1.7385480e+00
   4.1867860e-01   4.1403600e-01   1.7355290e+00
   4.1927980e-01   4.1418800e-01   1.7312470e+00
   4.1857840e-01   4.1403580e-01   1.7274540e+00
   4.1787700e-01   4.1395990e-01   1.7250690e+00
   4.1637400e-01   4.1441620e-01   1.7233800e+00
   4.1627370e-01   4.1426400e-01   1.7214850e+00
   4.1447000e-01   4.1403580e-01   1.7199400e+00
   4.1256550e-01   4.1327520e-01   1.7188190e+00
   4.1186410e-01   4.1403590e-01   1.7172040e+00
   4.1096230e-01   4.1434020e-01   1.7149560e+00
   4.0825680e-01   4.1388370e-01   1.7119370e+00
   4.0665350e-01   4.1434010e-01   1.7110910e+00
   4.0484940e-01   4.1342750e-01   1.7114440e+00
   4.0294530e-01   4.1312300e-01   1.7110230e+00
   3.9843620e-01   4.1380770e-01   1.7093380e+00
   3.9462780e-01   4.1335130e-01   1.7077210e+00
   3.9071980e-01   4.1411190e-01   1.7053360e+00
   3.8631070e-01   4.1373170e-01   1.7021760e+00
   3.8470740e-01   4.1373160e-01   1.7005590e+00
   3.8230200e-01   4.1388370e-01   1.7004900e+00
   3.8049840e-01   4.1357950e-01   1.6999990e+00
   3.7689100e-01   4.1357930e-01   1.6988040e+00
   3.7498660e-01   4.1319900e-01   1.6974710e+00
   3.7258160e-01   4.1365560e-01   1.6977510e+00
   3.7077800e-01   4.1373170e-01   1.6976800e+00
   3.6887420e-01   4.1289480e-01   1.6978900e+00
   3.6666930e-01   4.1289500e-01   1.6986630e+00
   3.6426430e-01   4.1342730e-01   1.6978200e+00
   3.6306160e-01   4.1297090e-01   1.6971900e+00
   3.6175900e-01   4.1289490e-01   1.6969100e+00
   3.5885310e-01   4.1312300e-01   1.6967700e+00
   3.5815170e-01   4.1335130e-01   1.6969810e+00
   3.5704940e-01   4.1274270e-01   1.6966300e+00
   3.5724980e-01   4.1327520e-01   1.6971200e+00
   3.5544550e-01   4.1350340e-01   1.6983120e+00
   3.5454360e-01   4.1327510e-01   1.6982410e+00
   3.5364180e-01   4.1327520e-01   1.6995080e+00
   3.5414280e-01   4.1312310e-01   1.6995100e+00
   3.5354170e-01   4.1319920e-01   1.7002800e+00
   3.5294040e-01   4.1289490e-01   1.7002090e+00
   3.5253960e-01   4.1335120e-01   1.7009810e+00
   3.5173800e-01   4.1312300e-01   1.7015430e+00
   3.5073600e-01   4.1259050e-01   1.7019670e+00
   3.5043540e-01   4.1380760e-01   1.7027390e+00
   3.4953360e-01   4.1342740e-01   1.7037210e+00
   3.4963380e-01   4.1281880e-01   1.7049130e+00
   3.4913280e-01   4.1236240e-01   1.7047720e+00
   3.4943340e-01   4.1304690e-01   1.7042110e+00
   3.4893240e-01   4.1304700e-01   1.7048420e+00
   3.4893240e-01   4.1289490e-01   1.7045620e+00
   3.4843140e-01   4.1365570e-01   1.7048430e+00
   3.4943340e-01   4.1281880e-01   1.7052670e+00
   3.4923300e-01   4.1319920e-01   1.7055460e+00
   3.4823100e-01   4.1327520e-01   1.7058990e+00
   3.4853160e-01   4.1312310e-01   1.7059680e+00
   3.4732910e-01   4.1380770e-01   1.7063190e+00
   3.4933320e-01   4.1266650e-01   1.7058270e+00
   3.4963380e-01   4.1304710e-01   1.7058280e+00
   3.4933320e-01   4.1312320e-01   1.7054770e+00
   3.4913270e-01   4.1312320e-01   1.7054080e+00
   3.4903260e-01   4.1380760e-01   1.7066000e+00
   3.4903260e-01   4.1388350e-01   1.7093360e+00
   3.4843130e-01   4.1373170e-01   1.7111640e+00
   3.4742930e-01   4.1395970e-01   1.7133400e+00
   3.4602600e-01   4.1365560e-01   1.7158680e+00
   3.4642700e-01   4.1441630e-01   1.7186070e+00
   3.4612630e-01   4.1395990e-01   1.7216960e+00
   3.4572530e-01   4.1426410e-01   1.7275250e+00
   3.4662740e-01   4.1472060e-01   1.7337750e+00
   3.4823090e-01   4.1479660e-01   1.7400940e+00
   3.5113680e-01   4.1449220e-01   1.7472560e+00
   3.5304060e-01   4.1380770e-01   1.7540670e+00
   3.5394250e-01   4.1357940e-01   1.7620010e+00
   3.5775080e-01   4.1411210e-01   1.7709210e+00
   3.6035620e-01   4.1403580e-01   1.7828570e+00
   3.6346250e-01   4.1578550e-01   1.7937400e+00
   3.6847330e-01   4.2293590e-01   1.8123470e+00
   3.7087820e-01   4.3099900e-01   1.8294120e+00
   3.7528750e-01   4.4134430e-01   1.8516710e+00
   3.8099940e-01   4.5488440e-01   1.8756160e+00
   3.8560900e-01   4.6872850e-01   1.9024400e+00
   3.9192220e-01   4.8614810e-01   1.9341090e+00
   3.9813560e-01   5.0311110e-01   1.9605810e+00
   4.0665340e-01   5.2851770e-01   2.0003950e+00
   4.1396870e-01   5.4791480e-01   2.0298160e+00
   4.2258650e-01   5.7476680e-01   2.0722300e+00
   4.2839900e-01   5.9074100e-01   2.0993340e+00
   4.3391050e-01   6.1074690e-01   2.1333890e+00
   4.3852010e-01   6.3067640e-01   2.1663220e+00
   4.4483330e-01   6.5380090e-01   2.2029770e+00
   4.5174780e-01   6.7433930e-01   2.2365420e+00
   4.5715940e-01   6.9031350e-01   2.2645600e+00
   4.6657920e-01   7.1138410e-01   2.3007890e+00
   4.7359370e-01   7.2674990e-01   2.3283870e+00
   4.8221180e-01   7.4607110e-01   2.3610380e+00
   4.8882560e-01   7.6052390e-01   2.3839280e+00
   4.9584040e-01   7.7710670e-01   2.4099820e+00
   5.0265480e-01   7.9087490e-01   2.4315370e+00
   5.1057120e-01   8.0654460e-01   2.4592050e+00
   5.1688450e-01   8.1833520e-01   2.4810420e+00
   5.2259650e-01   8.2799600e-01   2.5021080e+00
   5.2850880e-01   8.3887350e-01   2.5235250e+00
   5.3452180e-01   8.4990340e-01   2.5454330e+00
   5.4013320e-01   8.6002030e-01   2.5660080e+00
   5.4674730e-01   8.6914850e-01   2.5837060e+00
   5.5316080e-01   8.8284060e-01   2.6072250e+00
   5.5797080e-01   8.9607650e-01   2.6270280e+00
   5.6488540e-01   9.1167020e-01   2.6500600e+00
   5.6939460e-01   9.2018980e-01   2.6671930e+00
   5.7300260e-01   9.2566670e-01   2.6848180e+00
   5.7400460e-01   9.2992630e-01   2.6977390e+00
   5.7630920e-01   9.3540330e-01   2.7161360e+00
   5.7701060e-01   9.3928300e-01   2.7269500e+00
   5.7811280e-01   9.4255350e-01   2.7375520e+00
   5.7911490e-01   9.4460750e-01   2.7468920e+00
   5.8142010e-01   9.5008420e-01   2.7595310e+00
   5.8222200e-01   9.5578930e-01   2.7692210e+00
   5.8502760e-01   9.6065780e-01   2.7788420e+00
   5.8723200e-01   9.6537400e-01   2.7881800e+00
   5.8893550e-01   9.7069870e-01   2.7978710e+00
   5.9033870e-01   9.7724050e-01   2.8093870e+00
   5.9224290e-01   9.8172850e-01   2.8183740e+00
   5.9464780e-01   9.8697700e-01   2.8302400e+00
   5.9665190e-01   9.9222590e-01   2.8386670e+00
   5.9755360e-01   9.9717030e-01   2.8482870e+00
   5.9975850e-01   1.0007455e+00   2.8558710e+00
   6.0076060e-01   1.0043190e+00   2.8645090e+00
   6.0236410e-01   1.0083550e+00   2.8708970e+00
   6.0426800e-01   1.0119280e+00   2.8806580e+00
   6.0496940e-01   1.0161860e+00   2.8881020e+00
   6.0797540e-01   1.0233380e+00   2.9001780e+00
   6.0997990e-01   1.0298030e+00   2.9104320e+00
   6.1238520e-01   1.0361170e+00   2.9204730e+00
   6.1458960e-01   1.0404520e+00   2.9269340e+00
   6.1729500e-01   1.0440300e+00   2.9333930e+00
   6.1980040e-01   1.0482860e+00   2.9406260e+00
   6.2220580e-01   1.0546780e+00   2.9485610e+00
   6.2471080e-01   1.0615230e+00   2.9581100e+00
   6.2711570e-01   1.0658610e+00   2.9655510e+00
   6.2952070e-01   1.0723240e+00   2.9742600e+00
   6.3062350e-01   1.0778040e+00   2.9813530e+00
   6.3423080e-01   1.0854080e+00   2.9905510e+00
   6.3643520e-01   1.0895940e+00   2.9979230e+00
   6.3964240e-01   1.0951440e+00   3.0062100e+00
   6.4184700e-01   1.0998640e+00   3.0136530e+00
   6.4585500e-01   1.1066300e+00   3.0224990e+00
   6.4826010e-01   1.1137060e+00   3.0311370e+00
   6.5156740e-01   1.1191820e+00   3.0392110e+00
   6.5517460e-01   1.1261800e+00   3.0479910e+00
   6.5798040e-01   1.1312030e+00   3.0548710e+00
   6.6078680e-01   1.1363740e+00   3.0614020e+00
   6.6319160e-01   1.1405550e+00   3.0663160e+00
   6.6529580e-01   1.1448200e+00   3.0720760e+00
   6.6659860e-01   1.1483160e+00   3.0767780e+00
   6.6950520e-01   1.1529550e+00   3.0815560e+00
   6.7140900e-01   1.1556980e+00   3.0856970e+00
   6.7381380e-01   1.1595740e+00   3.0908940e+00
   6.7481580e-01   1.1633790e+00   3.0963020e+00
   6.7822310e-01   1.1693880e+00   3.1035320e+00
   6.8173060e-01   1.1747090e+00   3.1099240e+00
   6.8343400e-01   1.1812540e+00   3.1170150e+00
   6.8573870e-01   1.1874150e+00   3.1236870e+00
   6.8904590e-01   1.1926640e+00   3.1299360e+00
   6.9115040e-01   1.1982930e+00   3.1366050e+00
   6.9365540e-01   1.2039220e+00   3.1418730e+00
   6.9816500e-01   1.2117580e+00   3.1502980e+00
   7.0047000e-01   1.2171580e+00   3.1575320e+00
   7.0387680e-01   1.2240050e+00   3.1644830e+00
   7.0638230e-01   1.2287190e+00   3.1708740e+00
   7.0948900e-01   1.2363280e+00   3.1786660e+00
   7.1219440e-01   1.2394440e+00   3.1829510e+00
   7.1459920e-01   1.2431720e+00   3.1887810e+00
   7.1630280e-01   1.2475100e+00   3.1925710e+00
   7.1900890e-01   1.2535170e+00   3.1987500e+00
   7.2111320e-01   1.2571700e+00   3.2023310e+00
   7.2321740e-01   1.2602120e+00   3.2063330e+00
   7.2462020e-01   1.2633280e+00   3.2082300e+00
   7.2642410e-01   1.2665260e+00   3.2132870e+00
   7.2902990e-01   1.2717740e+00   3.2172870e+00
   7.3043280e-01   1.2758040e+00   3.2222730e+00
   7.3203600e-01   1.2784720e+00   3.2255740e+00
   7.3383960e-01   1.2839440e+00   3.2299260e+00
   7.3704630e-01   1.2875190e+00   3.2342110e+00
   7.3854980e-01   1.2933020e+00   3.2395470e+00
   7.4165620e-01   1.2983970e+00   3.2448130e+00
   7.4345980e-01   1.3044840e+00   3.2502200e+00
   7.4666680e-01   1.3098820e+00   3.2561200e+00
   7.4947280e-01   1.3157420e+00   3.2602640e+00
   7.5217820e-01   1.3211420e+00   3.2647550e+00
   7.5328040e-01   1.3239580e+00   3.2661590e+00
   7.5458310e-01   1.3259350e+00   3.2680580e+00
   7.5518440e-01   1.3278360e+00   3.2698110e+00
   7.5638720e-01   1.3328570e+00   3.2740960e+00
   7.5688840e-01   1.3368900e+00   3.2773950e+00
   7.5889250e-01   1.3419830e+00   3.2805560e+00
   7.6310110e-01   1.3452560e+00   3.2832940e+00
   7.6470420e-01   1.3503520e+00   3.2861730e+00
   7.6600730e-01   1.3545340e+00   3.2885600e+00
   7.6821200e-01   1.3581120e+00   3.2920700e+00
   7.7031640e-01   1.3615340e+00   3.2939660e+00
   7.7111800e-01   1.3660960e+00   3.2966370e+00
   7.7181940e-01   1.3687620e+00   3.2986710e+00
   7.7312210e-01   1.3735520e+00   3.3002860e+00
   7.7432440e-01   1.3773550e+00   3.3023930e+00
   7.7672980e-01   1.3826820e+00   3.3045700e+00
   7.7723090e-01   1.3867100e+00   3.3070980e+00
   7.7993660e-01   1.3918870e+00   3.3095560e+00
   7.8113900e-01   1.3972840e+00   3.3121550e+00
   7.8304290e-01   1.4021540e+00   3.3151720e+00
   7.8424540e-01   1.4089990e+00   3.3174190e+00
   7.8494710e-01   1.4125770e+00   3.3191060e+00
   7.8675120e-01   1.4163040e+00   3.3200200e+00
   7.8705170e-01   1.4185840e+00   3.3203700e+00
   7.8815400e-01   1.4213200e+00   3.3207200e+00
   7.8855480e-01   1.4221580e+00   3.3199500e+00
   7.8855480e-01   1.4240620e+00   3.3199490e+00
   7.8885540e-01   1.4254340e+00   3.3195980e+00
   7.8995760e-01   1.4264980e+00   3.3193880e+00
   7.8965700e-01   1.4279420e+00   3.3188250e+00
   7.9085940e-01   1.4299180e+00   3.3198090e+00
   7.9176120e-01   1.4312100e+00   3.3200190e+00
   7.9126020e-01   1.4331100e+00   3.3201600e+00
   7.9236240e-01   1.4346330e+00   3.3200200e+00
   7.9306380e-01   1.4355490e+00   3.3207210e+00
   7.9266300e-01   1.4373760e+00   3.3214210e+00
   7.9376540e-01   1.4389720e+00   3.3219820e+00
   7.9426630e-01   1.4407960e+00   3.3227580e+00
   7.9486770e-01   1.4424680e+00   3.3236690e+00
   7.9496810e-01   1.4445210e+00   3.3242310e+00
   7.9436660e-01   1.4457420e+00   3.3243010e+00
   7.9496800e-01   1.4465800e+00   3.3243720e+00
   7.9536880e-01   1.4464270e+00   3.3247930e+00
   7.9536890e-01   1.4482540e+00   3.3251460e+00
   7.9576990e-01   1.4471140e+00   3.3245120e+00
   7.9516850e-01   1.4465800e+00   3.3243020e+00
   7.9506830e-01   1.4472650e+00   3.3237400e+00
   7.9526880e-01   1.4465790e+00   3.3237410e+00
   7.9476750e-01   1.4461240e+00   3.3233180e+00
   7.9396560e-01   1.4457400e+00   3.3233190e+00
   7.9456710e-01   1.4457410e+00   3.3231790e+00
   7.9356480e-01   1.4450550e+00   3.3223370e+00
   7.9346460e-01   1.4439120e+00   3.3215610e+00
   7.9436670e-01   1.4419360e+00   3.3201590e+00
   7.9316410e-01   1.4401120e+00   3.3192460e+00
   7.9326420e-01   1.4393520e+00   3.3184720e+00
   7.9246260e-01   1.4374520e+00   3.3171390e+00
   7.9146060e-01   1.4360070e+00   3.3152430e+00
   7.9055880e-01   1.4341010e+00   3.3137000e+00
   7.8935640e-01   1.4290060e+00   3.3108890e+00
   7.8905580e-01   1.4238350e+00   3.3059750e+00
   7.8765300e-01   1.4166080e+00   3.2971960e+00
   7.8725220e-01   1.4071750e+00   3.2848380e+00
   7.8524780e-01   1.3943960e+00   3.2669320e+00
   7.8194060e-01   1.3753790e+00   3.2420760e+00
   7.8013700e-01   1.3587190e+00   3.2165140e+00
   7.7833330e-01   1.3403880e+00   3.1853390e+00
   7.7592800e-01   1.3249450e+00   3.1586550e+00
   7.7191960e-01   1.2990070e+00   3.1158920e+00
   7.7031640e-01   1.2779350e+00   3.0807820e+00
   7.6710980e-01   1.2479640e+00   3.0344380e+00
   7.6640810e-01   1.2259060e+00   2.9984160e+00
   7.6460420e-01   1.1937290e+00   2.9443460e+00
   7.6360200e-01   1.1702250e+00   2.9045340e+00
   7.6149780e-01   1.1387320e+00   2.8507450e+00
   7.5959400e-01   1.1146950e+00   2.8087550e+00
   7.5718900e-01   1.0823650e+00   2.7525100e+00
   7.5478340e-01   1.0575680e+00   2.7051810e+00
   7.4877140e-01   1.0304890e+00   2.6520970e+00
   7.4396100e-01   1.0082008e+00   2.6068050e+00
   7.3424070e-01   9.8058740e-01   2.5561770e+00
   7.2281660e-01   9.4955190e-01   2.5002840e+00
   7.0808570e-01   9.1205040e-01   2.4383490e+00
   6.9555950e-01   8.7302780e-01   2.3765570e+00
   6.8343400e-01   8.4062320e-01   2.3284560e+00
   6.6720000e-01   8.0471920e-01   2.2753720e+00
   6.5627720e-01   7.7809560e-01   2.2400510e+00
   6.4475280e-01   7.5223260e-01   2.2061380e+00
   6.3543320e-01   7.3663870e-01   2.1848590e+00
   6.2491140e-01   7.1777390e-01   2.1593710e+00
   6.1899890e-01   7.0484250e-01   2.1419580e+00
   6.1008010e-01   6.8894420e-01   2.1202580e+00
   6.0456860e-01   6.7768640e-01   2.1069880e+00
   5.9865630e-01   6.6810200e-01   2.0932950e+00
   5.9244320e-01   6.5775640e-01   2.0819200e+00
   5.8633020e-01   6.4832420e-01   2.0685770e+00
   5.7951590e-01   6.3858760e-01   2.0538320e+00
   5.7390440e-01   6.2877470e-01   2.0379620e+00
   5.6378310e-01   6.1181170e-01   2.0184400e+00
   5.5486420e-01   5.9675040e-01   1.9985700e+00
   5.4313970e-01   5.7803750e-01   1.9761710e+00
   5.3552370e-01   5.6396540e-01   1.9593180e+00
   5.2430010e-01   5.4707810e-01   1.9373380e+00
   5.1488030e-01   5.3308180e-01   1.9194330e+00
   5.0485920e-01   5.1627090e-01   1.9005440e+00
   4.9624140e-01   5.0486080e-01   1.8855870e+00
   4.8872550e-01   4.9307010e-01   1.8715430e+00
   4.7920540e-01   4.8127980e-01   1.8554640e+00
   4.7339330e-01   4.7260810e-01   1.8421220e+00
   4.6898400e-01   4.6294750e-01   1.8264630e+00
   4.6748100e-01   4.5747060e-01   1.8167720e+00
   4.5776070e-01   4.4803820e-01   1.8035720e+00
   4.4974370e-01   4.3784510e-01   1.7901610e+00
   4.3801920e-01   4.2240360e-01   1.7692360e+00
   4.3140500e-01   4.1510090e-01   1.7568760e+00
   4.2619430e-01   4.1395990e-01   1.7527340e+00
   4.2188500e-01   4.1395980e-01   1.7499240e+00
   4.1857840e-01   4.1373160e-01   1.7473960e+00
   4.1547210e-01   4.1350340e-01   1.7452190e+00
   4.1266560e-01   4.1365550e-01   1.7436030e+00
   4.0925880e-01   4.1380760e-01   1.7436050e+00
   4.0765550e-01   4.1342740e-01   1.7433930e+00
   4.0394740e-01   4.1434000e-01   1.7435320e+00
   4.0204340e-01   4.1403570e-01   1.7428310e+00
   3.9933800e-01   4.1418810e-01   1.7429010e+00
   3.9723380e-01   4.1365540e-01   1.7441670e+00
   3.9583050e-01   4.1395980e-01   1.7435330e+00
   3.9432710e-01   4.1418800e-01   1.7428300e+00
   3.9142120e-01   4.1380770e-01   1.7412180e+00
   3.8681190e-01   4.1342740e-01   1.7401630e+00
   3.8410570e-01   4.1380770e-01   1.7405170e+00
   3.8059860e-01   4.1342730e-01   1.7387590e+00
   3.7819380e-01   4.1373160e-01   1.7380580e+00
   3.7438560e-01   4.1434020e-01   1.7364420e+00
   3.7017680e-01   4.1365560e-01   1.7348280e+00
   3.6626850e-01   4.1357970e-01   1.7318090e+00
   3.6546670e-01   4.1403600e-01   1.7318800e+00
   3.6406360e-01   4.1472050e-01   1.7306170e+00
   3.6276100e-01   4.1388370e-01   1.7313190e+00
   3.6165880e-01   4.1357950e-01   1.7311080e+00
   3.5875300e-01   4.1350330e-01   1.7308290e+00
   3.5714970e-01   4.1327530e-01   1.7305450e+00
   3.5704940e-01   4.1388370e-01   1.7302630e+00
   3.5654830e-01   4.1373160e-01   1.7293500e+00
   3.5604700e-01   4.1373170e-01   1.7291400e+00
   3.5454360e-01   4.1350330e-01   1.7292800e+00
   3.5444340e-01   4.1411190e-01   1.7282990e+00
   3.5284020e-01   4.1350350e-01   1.7282280e+00
   3.5374200e-01   4.1327530e-01   1.7280170e+00
   3.5263980e-01   4.1411200e-01   1.7268900e+00
   3.5223900e-01   4.1388390e-01   1.7271020e+00
   3.5243940e-01   4.1342740e-01   1.7267510e+00
   3.5133720e-01   4.1357940e-01   1.7268910e+00
   3.5183820e-01   4.1342740e-01   1.7261200e+00
   3.5103660e-01   4.1380760e-01   1.7265410e+00
   3.5113680e-01   4.1327530e-01   1.7261900e+00
   3.5133720e-01   4.1373170e-01   1.7254200e+00
   3.5073600e-01   4.1342730e-01   1.7256300e+00
   3.5033520e-01   4.1327530e-01   1.7256300e+00
   3.4963380e-01   4.1342740e-01   1.7252080e+00
   3.4893240e-01   4.1357940e-01   1.7258390e+00
   3.4883210e-01   4.1403580e-01   1.7264710e+00
   3.4913280e-01   4.1350330e-01   1.7266110e+00
   3.4873200e-01   4.1350330e-01   1.7268200e+00
   3.4722870e-01   4.1365560e-01   1.7269620e+00
   3.4702850e-01   4.1373180e-01   1.7273110e+00
   3.4652710e-01   4.1236240e-01   1.7271010e+00
   3.4592600e-01   4.1388380e-01   1.7275250e+00
   3.4432230e-01   4.1289490e-01   1.7278060e+00
   3.4271900e-01   4.1327520e-01   1.7287190e+00
   3.4342040e-01   4.1380780e-01   1.7284380e+00
   3.4261880e-01   4.1342720e-01   1.7282260e+00
   3.4251860e-01   4.1411190e-01   1.7290700e+00
   3.4291940e-01   4.1388380e-01   1.7297720e+00
   3.4301960e-01   4.1365540e-01   1.7299810e+00
   3.4322000e-01   4.1456820e-01   1.7314580e+00
   3.4352060e-01   4.1350350e-01   1.7324400e+00
   3.4452280e-01   4.1395970e-01   1.7345470e+00
   3.4622650e-01   4.1357960e-01   1.7365820e+00
   3.4933310e-01   4.1411190e-01   1.7386180e+00
   3.5193840e-01   4.1418800e-01   1.7414990e+00
   3.5604700e-01   4.1434000e-01   1.7455000e+00
   3.6336220e-01   4.1365540e-01   1.7516090e+00
   3.6837310e-01   4.1411190e-01   1.7574380e+00
   3.7478630e-01   4.1502480e-01   1.7632650e+00
   3.7989720e-01   4.1555720e-01   1.7704290e+00
   3.8661130e-01   4.2308820e-01   1.7853850e+00
   3.9442750e-01   4.3206400e-01   1.8002000e+00
   4.0454890e-01   4.4385460e-01   1.8199320e+00
   4.1577250e-01   4.5693820e-01   1.8393820e+00
   4.2659500e-01   4.7222780e-01   1.8596050e+00
   4.4022370e-01   4.9314630e-01   1.8895900e+00
   4.5345160e-01   5.1459730e-01   1.9169060e+00
   4.7299250e-01   5.4167740e-01   1.9489230e+00
   4.8762310e-01   5.6046610e-01   1.9718860e+00
   5.0666320e-01   5.8815460e-01   2.0018010e+00
   5.2129390e-01   6.0930150e-01   2.0249000e+00
   5.4083470e-01   6.4102170e-01   2.0601520e+00
   5.5546540e-01   6.6612400e-01   2.0884510e+00
   5.7420480e-01   6.9928950e-01   2.1256660e+00
   5.9174150e-01   7.3108570e-01   2.1630240e+00
   6.1008030e-01   7.6927170e-01   2.2081000e+00
   6.2551240e-01   7.9992690e-01   2.2460910e+00
   6.3623510e-01   8.2753940e-01   2.2809180e+00
   6.4836040e-01   8.5020760e-01   2.3100610e+00
   6.5637730e-01   8.6428020e-01   2.3261410e+00
   6.6349220e-01   8.7492960e-01   2.3379370e+00
   6.6940470e-01   8.8131930e-01   2.3495230e+00
   6.7752160e-01   8.9204480e-01   2.3657440e+00
   6.8203120e-01   9.0010780e-01   2.3796480e+00
   6.8563850e-01   9.0855170e-01   2.3943920e+00
   6.8964730e-01   9.1258320e-01   2.4029600e+00
   6.9295400e-01   9.1737540e-01   2.4130720e+00
   6.9545910e-01   9.2323250e-01   2.4227600e+00
   6.9966820e-01   9.3015460e-01   2.4349090e+00
   7.0387680e-01   9.3867450e-01   2.4473370e+00
   7.0988950e-01   9.5000830e-01   2.4669300e+00
   7.1790650e-01   9.6567840e-01   2.4927700e+00
   7.2642440e-01   9.8317370e-01   2.5217710e+00
   7.3193580e-01   9.9960420e-01   2.5474710e+00
   7.3724690e-01   1.0110900e+00   2.5657270e+00
   7.4075440e-01   1.0195340e+00   2.5778740e+00
   7.4305900e-01   1.0245540e+00   2.5848980e+00
   7.4756880e-01   1.0302610e+00   2.5919190e+00
   7.5067520e-01   1.0365720e+00   2.5990100e+00
   7.5388160e-01   1.0448650e+00   2.6105270e+00
   7.5708880e-01   1.0507210e+00   2.6186720e+00
   7.6059600e-01   1.0612180e+00   2.6315230e+00
   7.6270020e-01   1.0688260e+00   2.6407910e+00
   7.6620780e-01   1.0758240e+00   2.6509720e+00
   7.6801180e-01   1.0838100e+00   2.6596800e+00
   7.6971520e-01   1.0907340e+00   2.6686680e+00
   7.7101780e-01   1.0965890e+00   2.6761820e+00
   7.7252080e-01   1.1038170e+00   2.6851700e+00
   7.7482550e-01   1.1127930e+00   2.6988630e+00
   7.7572750e-01   1.1225290e+00   2.7097450e+00
   7.7783230e-01   1.1309740e+00   2.7202090e+00
   7.7953580e-01   1.1366020e+00   2.7275830e+00
   7.8013700e-01   1.1428400e+00   2.7360080e+00
   7.8053780e-01   1.1515850e+00   2.7463310e+00
   7.8374420e-01   1.1618570e+00   2.7596020e+00
   7.8514750e-01   1.1706040e+00   2.7698540e+00
   7.8715200e-01   1.1801120e+00   2.7812990e+00
   7.8745260e-01   1.1881770e+00   2.7913400e+00
   7.8925620e-01   1.1991290e+00   2.8064370e+00
   7.8965700e-01   1.2084090e+00   2.8182340e+00
   7.9055880e-01   1.2174620e+00   2.8279230e+00
   7.9116000e-01   1.2232440e+00   2.8347360e+00
   7.9296360e-01   1.2292520e+00   2.8404230e+00
   7.9376520e-01   1.2339700e+00   2.8451990e+00
   7.9516840e-01   1.2393680e+00   2.8488490e+00
   7.9426630e-01   1.2406600e+00   2.8496920e+00
   7.9597060e-01   1.2416500e+00   2.8505350e+00
   7.9687230e-01   1.2450760e+00   2.8525680e+00
   7.9667190e-01   1.2477380e+00   2.8548170e+00
   7.9717300e-01   1.2507780e+00   2.8572070e+00
   7.9827520e-01   1.2522220e+00   2.8577700e+00
   7.9717290e-01   1.2540500e+00   2.8596630e+00
   7.9767400e-01   1.2574750e+00   2.8631750e+00
   7.9887640e-01   1.2628720e+00   2.8688620e+00
   7.9867600e-01   1.2666780e+00   2.8739170e+00
   7.9937740e-01   1.2722300e+00   2.8792550e+00
   7.9927720e-01   1.2774040e+00   2.8838180e+00
   8.0098060e-01   1.2838680e+00   2.8904900e+00
   8.0088040e-01   1.2894990e+00   2.8963170e+00
   8.0088040e-01   1.2967240e+00   2.9049550e+00
   8.0158180e-01   1.3052440e+00   2.9145060e+00
   8.0168200e-01   1.3113300e+00   2.9210360e+00
   8.0228330e-01   1.3157420e+00   2.9259510e+00
   8.0188240e-01   1.3209130e+00   2.9325510e+00
   8.0268400e-01   1.3276080e+00   2.9406960e+00
   8.0328530e-01   1.3341490e+00   2.9484210e+00
   8.0288440e-01   1.3382580e+00   2.9583210e+00
   8.0238340e-01   1.3408430e+00   2.9670280e+00
   8.0278420e-01   1.3461700e+00   2.9747520e+00
   8.0338540e-01   1.3487560e+00   2.9804410e+00
   8.0328520e-01   1.3524810e+00   2.9863360e+00
   8.0388640e-01   1.3563620e+00   2.9919550e+00
   8.0428740e-01   1.3595580e+00   2.9974330e+00
   8.0418710e-01   1.3621420e+00   3.0006630e+00
   8.0448780e-01   1.3660970e+00   3.0070520e+00
   8.0448790e-01   1.3695990e+00   3.0112630e+00
   8.0468810e-01   1.3730960e+00   3.0175850e+00
   8.0448780e-01   1.3779640e+00   3.0248900e+00
   8.0428750e-01   1.3830620e+00   3.0314180e+00
   8.0518950e-01   1.3861020e+00   3.0364040e+00
   8.0408680e-01   1.3912780e+00   3.0437080e+00
   8.0458800e-01   1.3940160e+00   3.0496050e+00
   8.0458800e-01   1.3980450e+00   3.0562050e+00
   8.0468820e-01   1.4014720e+00   3.0616820e+00
   8.0418700e-01   1.4034500e+00   3.0661050e+00
   8.0468810e-01   1.4051220e+00   3.0698280e+00
   8.0468830e-01   1.4068700e+00   3.0733370e+00
   8.0478850e-01   1.4091510e+00   3.0768500e+00
   8.0458820e-01   1.4092260e+00   3.0794480e+00
   8.0458810e-01   1.4107470e+00   3.0831000e+00
   8.0458800e-01   1.4123470e+00   3.0853460e+00
   8.0508920e-01   1.4134150e+00   3.0888600e+00
   8.0498900e-01   1.4147080e+00   3.0912440e+00
   8.0448790e-01   1.4155440e+00   3.0926490e+00
   8.0438770e-01   1.4168360e+00   3.0956000e+00
   8.0418720e-01   1.4226920e+00   3.1051480e+00
   8.0478860e-01   1.4272580e+00   3.1129430e+00
   8.0488900e-01   1.4308300e+00   3.1203850e+00
   8.0538990e-01   1.4317420e+00   3.1276190e+00
   8.0478850e-01   1.4306780e+00   3.1366760e+00
   8.0639230e-01   1.4318940e+00   3.1413120e+00
   8.0599120e-01   1.4331870e+00   3.1485430e+00
   8.0569080e-01   1.4344050e+00   3.1545820e+00
   8.0619160e-01   1.4358530e+00   3.1580920e+00
   8.0528970e-01   1.4358560e+00   3.1609020e+00
   8.0539000e-01   1.4360050e+00   3.1627990e+00
   8.0518960e-01   1.4370720e+00   3.1666610e+00
   8.0478870e-01   1.4385160e+00   3.1703830e+00
   8.0549020e-01   1.4394280e+00   3.1757860e+00
   8.0488890e-01   1.4414040e+00   3.1811250e+00
   8.0569070e-01   1.4437610e+00   3.1860400e+00
   8.0559060e-01   1.4434560e+00   3.1894810e+00
   8.0579090e-01   1.4439900e+00   3.1915900e+00
   8.0549020e-01   1.4445980e+00   3.1941850e+00
   8.0579080e-01   1.4458950e+00   3.1987500e+00
   8.0589100e-01   1.4477220e+00   3.2019800e+00
   8.0569070e-01   1.4477980e+00   3.2054200e+00
   8.0549020e-01   1.4490900e+00   3.2078070e+00
   8.0609160e-01   1.4491660e+00   3.2097730e+00
   8.0629210e-01   1.4500020e+00   3.2114600e+00
   8.0599130e-01   1.4506860e+00   3.2132880e+00
   8.0699340e-01   1.4515220e+00   3.2152520e+00
   8.0659280e-01   1.4528140e+00   3.2182700e+00
   8.0609160e-01   1.4527380e+00   3.2201660e+00
   8.0659280e-01   1.4542580e+00   3.2231170e+00
   8.0689340e-01   1.4543340e+00   3.2248700e+00
   8.0689330e-01   1.4549430e+00   3.2246600e+00
   8.0739440e-01   1.4544860e+00   3.2257110e+00
   8.0649250e-01   1.4544870e+00   3.2258530e+00
   8.0649250e-01   1.4542580e+00   3.2258520e+00
   8.0689340e-01   1.4539540e+00   3.2266260e+00
   8.0669300e-01   1.4547900e+00   3.2265560e+00
   8.0669290e-01   1.4549430e+00   3.2269080e+00
   8.0619190e-01   1.4544860e+00   3.2276090e+00
   8.0609160e-01   1.4543340e+00   3.2276100e+00
   8.0689340e-01   1.4544100e+00   3.2276090e+00
   8.0649230e-01   1.4552470e+00   3.2281010e+00
   8.0649250e-01   1.4543340e+00   3.2274700e+00
   8.0569070e-01   1.4538020e+00   3.2267680e+00
   8.0579090e-01   1.4530420e+00   3.2255700e+00
   8.0559020e-01   1.4529660e+00   3.2255720e+00
   8.0559050e-01   1.4511420e+00   3.2240300e+00
   8.0498900e-01   1.4511420e+00   3.2229060e+00
   8.0599140e-01   1.4493930e+00   3.2209390e+00
   8.0619180e-01   1.4475690e+00   3.2185500e+00
   8.0498920e-01   1.4450560e+00   3.2149730e+00
   8.0579080e-01   1.4418600e+00   3.2097750e+00
   8.0438760e-01   1.4379070e+00   3.2045790e+00
   8.0378640e-01   1.4348630e+00   3.1979760e+00
   8.0338540e-01   1.4318180e+00   3.1915170e+00
   8.0318500e-01   1.4272580e+00   3.1843550e+00
   8.0128120e-01   1.4207130e+00   3.1752970e+00
   8.0027920e-01   1.4107480e+00   3.1616740e+00
   7.9807470e-01   1.4013940e+00   3.1498760e+00
   7.9717300e-01   1.3883100e+00   3.1347810e+00
   7.9587020e-01   1.3788760e+00   3.1223530e+00
   7.9356480e-01   1.3664020e+00   3.1061310e+00
   7.9266300e-01   1.3562080e+00   3.0928600e+00
   7.9126020e-01   1.3435800e+00   3.0772010e+00
   7.9035840e-01   1.3359760e+00   3.0635090e+00
   7.8905580e-01   1.3244120e+00   3.0442680e+00
   7.8805380e-01   1.3124710e+00   3.0282590e+00
   7.8594940e-01   1.3023550e+00   3.0126000e+00
   7.8574890e-01   1.2933780e+00   3.0011560e+00
   7.8484670e-01   1.2845540e+00   2.9899900e+00
   7.8484690e-01   1.2748170e+00   2.9774900e+00
   7.8474640e-01   1.2667520e+00   2.9667470e+00
   7.8364420e-01   1.2573980e+00   2.9544580e+00
   7.8204080e-01   1.2464430e+00   2.9404850e+00
   7.8143960e-01   1.2335880e+00   2.9193490e+00
   7.7943560e-01   1.2164740e+00   2.8936490e+00
   7.7733130e-01   1.1950990e+00   2.8624720e+00
   7.7642920e-01   1.1759280e+00   2.8332620e+00
   7.7382340e-01   1.1506740e+00   2.7942190e+00
   7.7242070e-01   1.1294520e+00   2.7649370e+00
   7.7041660e-01   1.1074690e+00   2.7339010e+00
   7.6871320e-01   1.0932440e+00   2.7112910e+00
   7.6700970e-01   1.0736950e+00   2.6824320e+00
   7.6610740e-01   1.0609920e+00   2.6643840e+00
   7.6470420e-01   1.0501140e+00   2.6456360e+00
   7.6510510e-01   1.0439530e+00   2.6336310e+00
   7.6420320e-01   1.0383970e+00   2.6223930e+00
   7.6410300e-01   1.0348240e+00   2.6110890e+00
   7.6430340e-01   1.0297280e+00   2.5983790e+00
   7.6310100e-01   1.0247060e+00   2.5886190e+00
   7.6340160e-01   1.0194580e+00   2.5785050e+00
   7.6179840e-01   1.0129920e+00   2.5670620e+00
   7.6189860e-01   1.0072870e+00   2.5554050e+00
   7.6039560e-01   1.0006690e+00   2.5436790e+00
   7.5879240e-01   9.9564900e-01   2.5341280e+00
   7.5839150e-01   9.8788990e-01   2.5192420e+00
   7.5648740e-01   9.7937050e-01   2.5046360e+00
   7.5448280e-01   9.6758000e-01   2.4827280e+00
   7.5187760e-01   9.5906040e-01   2.4660170e+00
   7.4837040e-01   9.4620490e-01   2.4443890e+00
   7.4486290e-01   9.3456660e-01   2.4249390e+00
   7.4125530e-01   9.2095040e-01   2.4023280e+00
   7.3654540e-01   9.1090970e-01   2.3881440e+00
   7.3053280e-01   8.9949920e-01   2.3736790e+00
   7.2472040e-01   8.8626390e-01   2.3552120e+00
   7.1890860e-01   8.7378850e-01   2.3373740e+00
   7.1289580e-01   8.5956400e-01   2.3179960e+00
   7.0618190e-01   8.4625190e-01   2.3005800e+00
   6.9756350e-01   8.2913680e-01   2.2782530e+00
   6.9004790e-01   8.1392340e-01   2.2614680e+00
   6.8173050e-01   8.0038340e-01   2.2458090e+00
   6.7531700e-01   7.9072270e-01   2.2338740e+00
   6.6750070e-01   7.7824770e-01   2.2202490e+00
   6.6279080e-01   7.6873930e-01   2.2094360e+00
   6.5627680e-01   7.5755730e-01   2.1953230e+00
   6.5136690e-01   7.5071130e-01   2.1866860e+00
   6.4605550e-01   7.4272400e-01   2.1776980e+00
   6.4254830e-01   7.3648650e-01   2.1699040e+00
   6.3683620e-01   7.2933600e-01   2.1609860e+00
   6.3182590e-01   7.2165350e-01   2.1529100e+00
   6.2661470e-01   7.1305770e-01   2.1418150e+00
   6.1869810e-01   7.0134330e-01   2.1261570e+00
   6.0797580e-01   6.8377170e-01   2.1052320e+00
   5.9494840e-01   6.6338560e-01   2.0814280e+00
   5.8222180e-01   6.4185860e-01   2.0579740e+00
   5.6378300e-01   6.1340900e-01   2.0276400e+00
   5.5245920e-01   5.9431610e-01   2.0045370e+00
   5.4003320e-01   5.7202830e-01   1.9767320e+00
   5.3001220e-01   5.5590190e-01   1.9558060e+00
   5.1648370e-01   5.3262550e-01   1.9261030e+00
   5.0826640e-01   5.2060660e-01   1.9088990e+00
   4.9734360e-01   5.0630590e-01   1.8904320e+00
   4.9093000e-01   4.9809070e-01   1.8784940e+00
   4.8391520e-01   4.8751730e-01   1.8659250e+00
   4.7609920e-01   4.7930200e-01   1.8547610e+00
   4.7018660e-01   4.6994550e-01   1.8424020e+00
   4.6227000e-01   4.6020900e-01   1.8285700e+00
   4.5375220e-01   4.4834260e-01   1.8101710e+00
   4.3711710e-01   4.2681530e-01   1.7780120e+00
   4.2829870e-01   4.1449230e-01   1.7563130e+00
   4.1637380e-01   4.1357940e-01   1.7476050e+00
   4.1066160e-01   4.1312300e-01   1.7446570e+00
   4.0665350e-01   4.1441610e-01   1.7429720e+00
   4.0414780e-01   4.1449230e-01   1.7424810e+00
   4.0074090e-01   4.1395990e-01   1.7417100e+00
   3.9783500e-01   4.1449230e-01   1.7417790e+00
   3.9532950e-01   4.1373150e-01   1.7406580e+00
   3.9402660e-01   4.1388360e-01   1.7407980e+00
   3.9242320e-01   4.1395970e-01   1.7403040e+00
   3.9082000e-01   4.1373160e-01   1.7404460e+00
   3.8901640e-01   4.1304690e-01   1.7388280e+00
   3.8550880e-01   4.1335130e-01   1.7364420e+00
   3.8230200e-01   4.1373170e-01   1.7356700e+00
   3.7929600e-01   4.1350340e-01   1.7351090e+00
   3.7598910e-01   4.1357940e-01   1.7339140e+00
   3.7338320e-01   4.1380770e-01   1.7331420e+00
   3.6997640e-01   4.1403590e-01   1.7311070e+00
   3.6757140e-01   4.1335120e-01   1.7292800e+00
   3.6586750e-01   4.1281860e-01   1.7269620e+00
   3.6526620e-01   4.1357960e-01   1.7263300e+00
   3.6376300e-01   4.1395990e-01   1.7260500e+00
   3.6386320e-01   4.1327530e-01   1.7261900e+00
   3.6256060e-01   4.1456840e-01   1.7268920e+00
   3.6286120e-01   4.1350330e-01   1.7263300e+00
   3.6246040e-01   4.1297100e-01   1.7267500e+00
   3.6155860e-01   4.1304690e-01   1.7279470e+00
   3.6065680e-01   4.1251460e-01   1.7280160e+00
   3.6065680e-01   4.1312300e-01   1.7281580e+00
   3.6075700e-01   4.1327510e-01   1.7285090e+00
   3.6105760e-01   4.1327510e-01   1.7292090e+00
   3.6035620e-01   4.1357940e-01   1.7292800e+00
